1494
1490
11494
11452
11320
11297
11255
11263
10807
10838
11032
11036
10907
621
558
11032
10231
10366
109
10001
11784
11685
4515
11784
9579
9577
9897
9905
139
9897
9747
9740
11767
11776
42
32
32
9722
9722
34
34
35
35
36
36
9717
7701
11767
42
40
40
139
42
166
9717
9882
357
11330
9882
47
47
48
48
49
49
50
50
109
10014
10013
9717
54
54
55
55
56
56
57
57
58
58
59
59
60
60
61
61
62
62
63
63
64
64
65
65
66
66
67
67
68
68
69
69
70
70
71
71
72
72
73
73
74
74
75
75
76
76
77
77
78
78
79
79
80
80
81
81
82
82
83
83
84
84
85
85
86
86
87
87
88
88
89
89
90
90
9879
9994
10014
9879
9842
10414
5034
9842
9747
5013
10414
10238
10237
2113
10238
1779
10195
9747
100
100
101
101
9727
7430
11794
9727
166
7428
7430
109
130
11764
7428
10001
10012
10012
111
111
112
112
113
113
114
114
115
115
116
116
117
117
118
118
10134
2206
10252
130
122
122
123
123
124
124
125
125
126
126
127
127
139
10788
546
130
9988
7529
7528
9988
133
133
134
134
135
135
136
136
9994
10596
7529
9905
9994
8304
8303
10873
566
11574
11579
11521
11574
11438
11521
11366
11438
10993
11366
6983
6979
10975
10993
4514
10975
5936
11320
11541
11519
543
10887
7399
7400
166
212
7469
7468
10591
7399
10402
10401
10213
10402
11803
11804
11801
11802
11799
11800
11797
11798
11795
11796
11793
11794
11791
11794
11789
11790
11787
11788
11785
11786
2488
2487
11783
11784
11799
11776
11776
11800
11802
11776
11764
11790
212
9732
11762
11764
9732
206
206
207
207
9877
11794
11762
9877
9876
11759
11760
212
1909
9876
215
215
216
216
217
217
218
218
219
219
220
220
221
221
222
222
223
223
224
224
225
225
226
226
227
227
228
228
229
229
230
230
231
231
232
232
233
233
234
234
235
235
236
236
237
237
238
238
239
239
240
240
241
241
242
242
243
243
244
244
245
245
246
246
247
247
248
248
249
249
250
250
251
251
252
252
253
253
10223
11800
11759
9876
9925
10223
259
259
10278
10278
10381
10381
262
262
263
263
264
264
265
265
266
266
267
267
268
268
269
269
270
270
271
271
272
272
273
273
274
274
275
275
276
276
277
277
278
278
279
279
280
280
281
281
282
282
283
283
284
284
285
285
286
286
287
287
288
288
289
289
290
290
291
291
292
292
293
293
294
294
295
295
296
296
297
297
298
298
299
299
300
300
301
301
302
302
303
303
10664
11756
11788
10664
322
11754
11756
10223
10038
10038
310
310
311
311
312
312
313
313
314
314
315
315
316
316
10031
10031
2067
11752
11754
322
330
322
1798
330
325
325
326
326
327
327
11203
11751
11752
330
7700
11203
333
333
334
334
335
335
336
336
337
337
338
338
339
339
340
340
341
341
342
342
343
343
344
344
345
345
346
346
11216
11764
11751
11203
11296
11296
351
351
352
352
11322
11760
11749
11322
355
355
356
356
357
11330
358
358
359
359
360
360
11309
11746
11749
11309
363
363
364
364
365
365
366
366
11216
11741
11743
11216
2121
11776
11741
2120
2121
2121
11231
11231
376
376
377
377
378
378
379
379
380
380
381
381
382
382
383
383
384
384
385
385
386
386
387
387
388
388
389
389
390
390
391
391
8234
11743
11749
11735
11788
11734
11735
11733
11734
11732
11733
11730
11732
11754
11730
11726
11728
11725
11726
2121
433
11724
11725
431
433
11723
11724
11722
11723
11721
11722
11720
11721
11719
11720
11760
11719
11716
11717
11715
11716
11714
11715
433
458
457
458
11713
11714
11712
11713
11711
11712
11786
11711
11707
11709
11706
11707
11705
11706
11704
11705
11703
11704
458
469
11702
11703
468
469
11700
11702
11699
11700
11698
11699
469
480
11697
11698
476
480
11732
11697
11693
11717
11692
11693
480
487
11691
11692
487
482
482
483
483
484
484
5513
11690
11691
487
488
488
489
489
490
490
11142
11689
11690
5513
494
494
495
495
496
496
497
497
498
498
499
499
500
500
501
501
11068
11068
503
503
504
504
505
505
506
506
507
507
508
508
509
509
510
510
511
511
512
512
513
513
514
514
515
515
516
516
517
517
518
518
519
519
520
520
521
521
522
522
523
523
10693
11688
11689
10693
526
526
527
527
528
528
529
529
10785
11687
11688
10785
532
532
533
533
534
534
535
535
546
11686
11687
538
5513
546
541
541
542
542
543
10887
566
11685
11686
546
547
547
548
548
549
549
550
550
551
551
552
552
553
553
554
554
555
555
556
556
557
557
558
11036
11029
11029
560
560
561
561
562
562
10957
10957
10947
10947
566
566
567
567
568
568
569
569
570
570
571
571
572
572
573
573
574
574
575
575
576
576
577
577
578
578
579
579
10902
10902
581
581
582
582
583
583
10907
11683
11717
11679
11680
11804
11679
11675
11743
11674
11675
11673
11674
11672
11673
11680
11672
11669
11680
11666
11668
11717
11666
11663
11664
11660
11664
11659
11660
11658
11659
11657
11658
11656
11657
11655
11656
11796
11655
621
664
659
664
11650
11652
11728
11650
11645
11646
11639
11650
11638
11639
11637
11638
11636
11637
11635
11636
11634
11635
11633
11634
11632
11633
11749
11632
11628
11646
11627
11628
11626
11627
11625
11626
664
691
11624
11625
689
691
11623
11624
11622
11623
11621
11622
11668
11621
11617
11619
11616
11617
11615
11616
11614
11615
11613
11614
11646
11613
11610
11619
11607
11609
11606
11607
11717
11606
11602
11604
691
720
719
720
11668
11602
11599
11604
11594
11619
11593
11594
11592
11593
11591
11592
11589
11591
11609
11586
11582
11604
11586
11582
11579
11580
11580
11574
720
749
11569
11571
748
749
11568
11569
11567
11568
11566
11567
11565
11566
11564
11565
11563
11564
11562
11563
11561
11562
11560
11561
11559
11560
11728
11559
11604
11555
749
778
11591
11552
777
778
11571
11550
11545
11664
11544
11545
11543
11544
11542
11543
11519
11542
11540
11541
11539
11540
11538
11539
11537
11538
11536
11537
11535
11536
778
785
11534
11535
779
785
785
8304
11533
11534
11532
11533
11531
11532
11530
11531
11529
11530
11528
11529
11798
11528
11525
11552
11591
11525
11522
11552
11550
11519
11586
11517
11514
11517
11555
11507
11503
11550
11571
11503
11517
11507
11493
11494
11490
11492
8303
864
11591
11490
858
864
11486
11488
11485
11486
11484
11485
11483
11484
11482
11483
11481
11482
11480
11481
11479
11480
11478
11479
11477
11478
11704
11477
11507
11475
11469
11609
11468
11469
11467
11468
11466
11467
11488
11466
11463
11464
864
10605
11461
11462
11452
11458
9588
10605
11552
11458
11475
11464
11447
11464
11475
11447
11494
11441
11437
11438
11436
11437
11435
11436
11434
11435
11433
11434
11432
11433
11431
11432
11430
11431
11429
11430
11428
11429
11427
11428
10605
10604
11426
11427
9600
10604
11425
11426
11424
11425
11423
11424
11422
11423
11421
11422
11420
11421
11419
11420
11418
11419
11417
11418
11416
11417
11415
11416
11784
11415
10604
10603
11441
11452
9688
10603
11409
11552
11408
11409
11458
11408
11464
11406
11401
11402
11400
11401
11399
11400
11398
11399
10603
10602
11397
11398
9682
10602
11396
11397
11395
11396
10602
10868
11680
11395
11390
11402
11388
11406
10866
10868
11383
11385
10868
10835
11382
11383
11381
11382
9678
10835
11380
11381
11379
11380
11378
11379
11377
11378
11376
11377
11375
11376
11652
11375
10835
10836
11406
11441
11357
11406
9662
10836
11356
11357
11355
11356
11475
11355
11352
11462
11351
11352
11350
11351
11462
11350
11347
11348
10836
10837
9446
10837
11344
11441
11348
11344
10837
10814
11406
11348
11335
11337
9658
10814
11334
11335
11333
11334
11332
11333
11517
11332
11329
11330
11324
11326
11337
11324
11330
11322
11318
11320
10814
10815
11317
11318
11316
11317
10815
9579
9561
10815
11315
11316
11488
11315
11307
11309
11306
11307
11305
11306
11304
11305
11303
11304
11302
11303
11301
11302
10815
10822
10822
10807
10807
1055
1055
1056
1056
1057
1057
1058
1058
1059
1059
10868
11300
11301
11330
11300
10603
1063
1063
1064
1064
1065
1065
1066
1066
1067
1067
1068
1068
1069
1069
1070
1070
1071
1071
1072
1072
1073
1073
1074
1074
1075
1075
1076
1076
1077
1077
1078
1078
1079
1079
1080
1080
1081
1081
1082
1082
1083
1083
1084
1084
1085
1085
10628
10628
10475
11294
11296
11322
11294
11288
11337
10475
1094
1094
1095
1095
1096
1096
1097
1097
1098
1098
10478
11287
11288
10475
1102
1102
1103
1103
10499
10499
10478
11286
11287
10478
10385
11285
11286
10385
1111
1111
1112
1112
1113
1113
1114
1114
1115
1115
1116
1116
1117
1117
1118
1118
1119
1119
1120
1120
1121
1121
1122
1122
1123
1123
1124
1124
10397
11284
11285
10385
1128
1128
1129
1129
1130
1130
1131
1131
1132
1132
1133
1133
1134
1134
1135
1135
1136
1136
1137
1137
1138
1138
1139
1139
10439
11283
11284
1157
10397
10397
10400
10400
2125
11282
11283
11281
11282
11320
11281
11277
11296
11276
11277
11275
11276
10397
1178
11274
11275
1174
1178
11272
11296
11269
11271
11326
11269
11265
11326
11271
11265
11309
11263
1178
1198
11258
11263
1196
1198
11309
11258
11263
11256
11251
11749
11250
11251
11249
11250
11248
11249
11247
11248
11246
11247
1198
1226
1222
1226
11245
11246
11244
11245
11243
11244
11242
11243
11241
11242
11240
11241
11239
11240
11238
11239
11237
11238
11236
11237
11235
11236
1226
1236
11234
11235
1234
1236
11233
11234
11232
11233
11231
11232
1236
2488
11230
11231
11256
11230
11256
11231
11224
11225
11223
11224
11222
11223
11221
11222
11220
11221
11348
11220
11216
11256
11214
11216
11213
11214
11212
11213
11211
11212
11210
11211
2488
1286
11209
11210
1282
1286
11208
11209
11207
11208
11206
11207
11205
11206
11204
11205
1286
1308
11203
11204
1306
1308
11199
11337
11198
11199
11197
11198
11265
11197
11195
11265
11194
11195
11193
11194
11191
11193
11189
11193
1308
1329
11188
11189
1325
1329
11271
11188
11184
11186
11183
11184
11182
11183
11320
11182
11177
11271
11176
11177
1329
1346
11175
11176
1344
1346
11174
11175
11173
11174
11172
11173
11186
11172
11186
11170
11166
11170
11165
11166
1346
1361
1360
1361
11164
11165
11163
11164
11162
11163
11161
11162
1361
2494
11160
11161
2493
2494
11159
11160
11158
11159
11157
11158
11156
11157
11155
11156
11154
11155
11151
11197
11150
11151
11149
11150
11148
11149
11147
11148
11146
11147
11145
11146
11144
11145
11142
11143
2494
1430
1425
1430
11141
11142
11140
11141
11139
11140
11138
11139
11137
11138
11170
11136
11132
11136
11123
11125
11122
11123
11121
11122
11120
11121
11119
11120
11118
11119
1430
1441
11117
11118
1440
1441
11116
11117
11115
11116
11114
11115
11113
11114
11112
11113
1441
1466
11111
11112
1462
1466
11110
11111
11109
11110
11108
11109
11107
11108
11106
11107
11105
11106
11104
11105
11103
11104
11102
11103
11101
11102
1466
1494
1466
1490
11100
11101
11099
11100
11098
11099
11097
11098
11096
11097
11095
11096
11094
11095
11093
11094
11092
11093
11091
11092
11090
11091
11664
11090
1494
1512
11086
11087
1508
1512
11084
11136
11083
11084
11082
11083
11081
11082
11080
11081
11079
11080
1512
1534
11077
11142
1532
1534
11076
11077
11075
11076
11074
11075
11073
11074
11072
11073
11071
11072
11070
11071
11069
11070
11068
11069
1534
1567
1565
1567
11067
11068
11066
11067
11065
11066
11064
11065
11063
11064
11062
11063
11061
11062
11060
11061
11059
11060
11058
11059
11057
11058
11056
11057
11055
11056
11087
11055
11052
11053
1567
2490
1591
2490
11051
11052
11050
11051
11049
11050
11046
11136
11045
11046
11044
11045
11043
11044
11042
11043
11041
11042
11053
11041
2490
2489
11037
11038
1616
2489
11038
11036
11028
11029
11038
11028
11019
11021
11018
11019
11016
11018
11015
11016
11013
11021
11012
11013
11011
11012
11010
11011
11009
11010
11008
11009
2489
1741
1640
1741
11007
11008
11006
11007
11005
11006
11004
11005
11003
11004
11002
11003
11001
11002
11000
11001
1741
1740
10999
11000
1652
1740
10998
10999
10997
10998
11041
10997
10994
11021
10991
10993
1740
1683
1681
1683
10990
10991
10989
10990
10988
10989
10987
10988
10986
10987
10985
10986
10984
10985
10983
10984
10982
10983
10981
10982
10980
10981
10979
10980
10978
10979
1683
1697
1693
1697
10977
10978
10976
10977
11029
10973
10968
10970
1697
1717
10973
10968
1715
1717
10965
10970
10963
10964
10962
10963
10961
10962
10960
10961
11053
10960
10956
10957
10973
10956
1717
2124
2124
2125
1721
2124
10953
10957
10970
10953
10948
10964
10943
10947
2125
10403
10403
1733
1733
1734
1734
1735
1735
1736
1736
1737
1737
1738
1738
1740
10936
10938
10935
10936
1741
1742
1742
1743
1743
1744
1744
1745
1745
1746
1746
1747
1747
1748
1748
1749
1749
1750
1750
1751
1751
1752
1752
1753
1753
1754
1754
1755
1755
1756
1756
1757
1757
1758
1758
1759
1759
1760
1760
1761
1761
1762
1762
1763
1763
1764
1764
1765
1765
1766
1766
1767
1767
1768
1768
10134
10934
10935
11021
10934
10134
10139
10930
10938
10139
1776
1776
1777
1777
1778
1778
1779
10195
1780
1780
1781
1781
1782
1782
1783
1783
1784
1784
1785
1785
1786
1786
2113
10927
11143
1789
1798
1798
1792
1792
1793
1793
1858
10926
10927
1798
1925
1798
10383
10925
10926
10383
1801
1801
1802
1802
1803
1803
1804
1804
1805
1805
1806
1806
1807
1807
1808
1808
1809
1809
1810
1810
1811
1811
1812
1812
1813
1813
1814
1814
1815
1815
1816
1816
1817
1817
1818
1818
1819
1819
1820
1820
1821
1821
1822
1822
1823
1823
1824
1824
1825
1825
1826
1826
1827
1827
1828
1828
10231
10231
1840
10924
10925
1840
1833
1833
1834
1834
1835
1835
1836
1836
10236
10236
1858
10923
10924
1840
1841
1841
1842
1842
1843
1843
1844
1844
1845
1845
1846
1846
1847
1847
1848
1848
1849
1849
1850
1850
1851
1851
1852
1852
1853
1853
1854
1854
10107
10107
10086
10922
10923
1858
1859
1859
1860
1860
1861
1861
1862
1862
1863
1863
1864
1864
1865
1865
1866
1866
1867
1867
1868
1868
1869
1869
1870
1870
1871
1871
1872
1872
1873
1873
1874
1874
1875
1875
1876
1876
1877
1877
1878
1878
1879
1879
1880
1880
1881
1881
1882
1882
1883
1883
1884
1884
1885
1885
1886
1886
1887
1887
1888
1888
1889
1889
1890
1890
1891
1891
1892
1892
1893
1893
1894
1894
1895
1895
1896
1896
1897
1897
1898
1898
1944
10921
10922
1909
1902
1902
1903
1903
1904
1904
1905
1905
1906
1906
9735
10920
10921
1909
1927
9735
1912
1912
1913
1913
1914
1914
1915
1915
1925
10919
10920
9735
1919
1919
1920
1920
9738
10918
10919
9738
1927
10917
10918
1925
1927
10916
10917
1944
1929
1929
1930
1930
1931
1931
1932
1932
1933
1933
1934
1934
1935
1935
1936
1936
1937
1937
1938
1938
1939
1939
9954
10915
10916
9954
9925
10914
10915
1944
10058
10913
10914
10058
1947
1947
1948
1948
10086
10912
10913
10911
10912
10910
10911
9954
1954
1954
1955
1955
1956
1956
1957
1957
1958
1958
1959
1959
2067
10909
10910
9022
9020
10908
10909
10907
10908
10905
10907
10904
10905
10903
10904
10902
10903
10900
10902
10899
10900
10898
10899
10947
10898
10894
10902
10893
10894
10892
10893
9315
9290
10891
10892
10890
10891
10889
10890
10902
10889
10885
10887
10884
10885
9028
9027
10883
10884
10882
10883
10881
10882
10880
10881
10879
10880
10878
10879
8325
8324
10877
10878
11036
10877
566
10957
10872
10873
10871
10872
10887
10871
9222
8505
10868
10869
10863
10865
10861
10865
10863
10860
10865
10856
10846
10856
7478
7476
10860
10845
10837
10838
10845
10830
10823
10824
10838
10822
10816
10818
10815
10816
10822
10814
10830
10806
10803
10806
9289
9288
546
10887
10787
10788
10786
10787
10785
10786
10784
10785
10783
10784
2067
2068
2068
2069
2069
2070
2070
2071
2071
2072
2072
2073
2073
10086
10782
10783
10781
10782
10780
10781
10779
10780
10778
10779
10777
10778
10776
10777
10775
10776
10013
2113
7492
7490
10774
10775
10773
10774
10772
10773
10771
10772
10770
10771
10769
10770
10768
10769
10767
10768
10766
10767
10765
10766
10764
10765
10763
10764
10762
10763
10237
10213
10761
10762
10760
10761
10759
10760
10758
10759
11036
10758
10754
10756
10439
2127
2127
2128
2128
2129
2129
2130
2130
10443
10753
10754
10443
2133
2133
2134
2134
2135
2135
2136
2136
2137
2137
2138
2138
2139
2139
2140
2140
2141
2141
2142
2142
2143
2143
2144
2144
2145
2145
2146
2146
2147
2147
2148
2148
2149
2149
2150
2150
2151
2151
2152
2152
2153
2153
2154
2154
2155
2155
2156
2156
2157
2157
2158
2158
2159
2159
2160
2160
2161
2161
2162
2162
2163
2163
2164
2164
2165
2165
2202
10752
10753
10439
2169
2169
2170
2170
2171
2171
2172
2172
2173
2173
2174
2174
2175
2175
10537
10751
10752
2202
2179
2179
10139
10139
2181
2181
2182
2182
2183
2183
10201
10201
10203
10203
10195
10195
2187
2187
2188
2188
2189
2189
2190
2190
2191
2191
2192
2192
2193
2193
2194
2194
2195
2195
2196
2196
2197
2197
2198
2198
2199
2199
10213
10750
10751
2202
10180
10180
2204
2204
2205
2205
2206
10252
2207
2207
2208
2208
2209
2209
2423
10749
10750
10401
4514
10537
2215
2215
10632
10748
10749
10632
10630
10747
10748
10537
10632
10746
10747
10745
10746
10630
10637
10744
10745
9569
10637
10743
10744
10742
10743
10741
10742
10740
10741
10739
10740
11068
10739
10806
10727
10712
10824
10637
10544
10711
10712
10710
10711
9533
10544
10823
10710
10756
10727
10701
10727
10697
10785
10696
10697
10695
10696
10701
10695
10701
10693
10727
10693
10665
10667
10663
10664
10660
10756
10659
10660
10658
10659
10544
9451
10657
10658
9449
9451
10656
10657
10654
10656
10653
10654
10652
10653
10651
10652
10650
10651
10649
10650
10648
10649
10647
10648
10646
10647
10645
10646
10644
10645
10643
10644
10642
10643
9451
9013
10641
10642
10640
10641
9011
9013
10639
10640
10664
10639
10635
10637
10633
10634
10627
10628
10626
10627
10625
10626
10624
10625
10623
10624
10622
10623
10621
10622
10620
10621
10619
10620
10618
10619
10617
10618
9013
2389
10616
10617
2388
2389
10615
10616
10614
10615
10613
10614
10612
10613
10611
10612
10610
10611
10609
10610
10608
10609
10607
10608
10606
10607
10605
10606
10599
10938
10598
10599
10597
10598
7528
10597
10595
10596
10594
10595
10593
10594
2389
2404
10592
10593
7400
10592
2402
2404
10590
10591
10589
10590
10588
10589
10587
10588
10586
10587
10585
10586
2404
2405
2405
5013
10584
10585
5034
2409
2409
2410
2410
2411
2411
2412
2412
2413
2413
2414
2414
2415
2415
2416
2416
2417
2417
2418
2418
2423
10583
10584
5012
5013
2423
10434
10582
10583
10434
2426
2426
2427
2427
2428
2428
2429
2429
2430
2430
10427
10581
10582
7467
4474
10580
10581
10579
10580
10578
10579
10577
10578
10576
10577
10575
10576
10574
10575
10573
10574
10572
10573
10571
10572
10570
10571
10569
10570
10568
10569
10567
10568
9583
9582
10566
10567
10565
10566
10564
10565
10563
10564
10562
10563
10561
10562
10560
10561
8957
8955
10559
10560
10558
10559
10557
10558
10556
10557
10555
10556
10554
10555
10553
10554
10552
10553
10551
10552
10550
10551
10549
10550
10548
10549
10964
10548
10545
10546
10544
10545
10632
10546
10535
10537
6227
6225
10534
10535
6227
2511
2511
6210
10533
10534
10532
10533
5143
10427
10531
10532
10530
10531
10529
10530
10527
10529
10526
10527
10427
10425
10634
10526
10522
10785
2573
10425
10521
10522
10520
10521
10519
10520
10518
10519
10517
10518
10516
10517
10515
10516
10514
10515
10513
10514
10511
10513
10510
10511
10509
10510
10508
10509
10507
10508
10506
10507
10505
10506
10504
10505
10503
10504
10502
10503
10501
10502
10656
10501
10425
5781
10498
10499
5590
5781
10497
10498
10496
10497
10628
10496
10513
10494
10490
10634
10489
10490
10488
10489
10487
10488
10486
10487
10485
10486
10484
10485
10483
10484
10499
10483
10477
10478
10476
10477
10475
10476
10470
10947
10469
10470
10468
10469
10467
10468
5781
5863
10466
10467
5816
5863
10465
10466
10464
10465
10463
10464
10462
10463
10461
10462
10460
10461
10459
10460
10458
10459
10457
10458
10456
10457
10455
10456
10454
10455
10453
10454
10452
10453
10451
10452
10450
10451
10449
10450
10448
10449
10447
10448
10446
10447
5863
6508
10494
10446
10441
10443
6486
6508
10440
10441
10439
10440
10529
10439
10451
10436
10432
10434
10431
10432
10430
10431
10429
10430
10428
10429
10427
10428
10422
10434
10421
10422
10420
10421
10419
10420
10418
10419
10417
10418
10416
10417
10415
10416
10414
10415
10413
10414
10412
10413
6508
6583
10410
10434
6582
6583
10407
10443
10406
10407
10405
10406
10404
10405
10403
10404
10398
10400
10397
10398
10396
10397
10395
10396
10394
10395
10393
10394
10392
10393
10391
10392
10390
10391
10389
10390
10388
10389
10387
10388
10386
10387
10385
10386
10483
10385
10382
10383
10380
10381
6583
6648
10379
10380
10436
10379
6647
6648
10375
10436
10374
10375
10373
10374
10372
10373
10371
10372
10370
10371
10381
10370
10367
10381
10364
10366
10363
10364
10362
10363
10361
10362
10360
10361
10359
10360
10358
10359
10357
10358
10356
10357
10355
10356
10354
10355
10353
10354
6648
9010
10352
10353
10351
10352
9009
9010
10350
10351
10349
10350
10348
10349
10347
10348
10346
10347
10345
10346
10344
10345
10343
10344
10342
10343
10341
10342
10340
10341
10339
10340
10338
10339
10337
10338
10336
10337
10335
10336
10383
10335
9010
2844
10331
10333
10330
10331
2840
2844
10434
10330
10327
10328
2844
8940
10326
10327
8939
8940
10325
10326
10324
10325
10323
10324
10322
10323
10321
10322
10320
10321
10319
10320
10318
10319
10317
10318
10316
10317
10315
10316
10314
10315
10313
10314
8940
8936
10312
10313
10311
10312
8935
8936
10310
10311
10309
10310
10308
10309
10441
10308
10302
10327
10301
10302
10300
10301
10299
10300
10298
10299
10297
10298
10296
10297
10295
10296
10294
10295
10293
10294
10292
10293
10443
10292
10328
10290
10290
10275
8936
6621
10275
10267
10252
10253
6540
6621
10333
10252
10244
10253
10333
10244
10234
10236
10382
10234
10229
10231
10228
10229
10227
10228
10226
10227
10225
10226
10236
10225
10278
10223
10218
10402
10217
10218
10216
10217
10215
10216
10214
10215
10213
10214
10211
10213
10210
10211
10209
10210
10208
10209
6621
6688
10207
10208
10206
10207
6687
6688
10205
10206
10204
10205
10203
10204
10199
10200
10197
10201
10192
10238
10191
10192
10190
10191
10189
10190
10188
10189
10187
10188
10186
10187
10203
10186
10179
10180
10178
10179
10253
10178
10180
10164
10158
10201
10157
10158
10156
10157
10164
10156
6688
6979
10152
10180
10151
10152
10150
10151
10149
10150
10148
10149
10147
10148
10146
10147
10145
10146
10144
10145
10143
10144
10267
10143
10138
10139
10137
10138
10136
10137
10201
10136
10127
10129
10126
10127
10125
10126
6983
7054
10124
10125
7053
7054
10123
10124
10122
10123
10121
10122
10120
10121
10119
10120
10118
10119
10117
10118
10116
10117
10115
10116
10114
10115
10366
10114
7054
9028
10111
10129
10107
10129
10103
10105
10129
10103
10099
10105
10098
10099
10097
10098
10096
10097
10095
10096
10094
10095
10093
10094
10092
10093
10091
10092
10090
10091
10089
10090
10088
10089
10494
10088
10083
10086
10081
10105
10074
10134
10073
10074
10072
10073
10071
10072
10070
10071
10069
10070
10068
10069
10067
10068
10066
10067
10065
10066
10064
10065
10063
10064
10062
10063
10061
10062
9028
8358
10060
10061
4930
8358
10267
10060
10056
10058
10055
10056
10086
10055
10051
10058
10050
10051
10049
10050
10048
10049
10047
10048
10046
10047
10045
10046
10044
10045
10043
10044
10042
10043
10041
10042
10200
10041
10037
10038
10036
10037
10035
10036
10034
10035
10033
10034
8358
7082
10032
10033
10031
10032
4971
7082
10029
10031
10028
10029
10027
10028
10105
10027
10024
10025
10023
10024
10022
10023
10021
10022
10058
10021
10017
10105
10016
10017
10025
10016
10011
10012
10010
10011
10009
10010
10008
10009
10007
10008
10006
10007
10005
10006
10004
10005
7082
6998
10003
10004
9992
9994
3247
6998
9991
9992
9990
9991
9989
9990
9988
9989
10012
9988
9982
10200
9981
9982
9980
9981
9979
9980
9978
9979
9977
9978
9976
9977
9975
9976
9974
9975
9973
9974
9972
9973
9971
9972
9970
9971
9969
9970
9968
9969
6998
10589
9967
9968
9966
9967
7080
10589
9965
9966
9964
9965
9963
9964
9962
9963
9961
9962
9960
9961
9959
9960
9958
9959
9957
9958
9956
9957
10236
9956
9952
9954
9951
9952
9950
9951
9949
9950
9948
9949
9947
9948
10025
9947
9944
9954
9939
10031
9938
9939
9937
9938
9936
9937
7100
10590
9935
9936
9934
9935
9933
9934
9954
9933
9921
9923
9920
9921
9919
9920
9918
9919
9917
9918
9916
9917
9915
9916
9914
9915
9913
9914
9912
9913
9911
9912
9910
9911
9909
9910
9908
9909
9907
9908
10038
9907
9903
9905
9902
9903
9901
9902
7395
10591
9900
9901
9899
9900
9988
9899
9893
9895
9925
9893
9895
9923
9887
10012
9886
9887
9885
9886
9884
9885
9883
9884
9882
9883
9880
9881
9878
9879
9871
9895
9870
9871
9869
9870
9877
9869
9866
9877
9863
9877
10591
7400
9862
9863
9861
9862
9860
9861
9859
9860
9858
9859
9857
9858
9856
9857
9855
9856
9854
9855
9853
9854
9852
9853
9851
9852
9850
9851
9849
9850
9848
9849
9847
9848
9846
9847
9845
9846
9844
9845
10025
9844
9841
9842
9879
9841
9837
9882
7400
7345
9836
9837
7344
7345
9835
9836
9834
9835
9833
9834
9832
9833
9831
9832
9830
9831
9829
9830
9828
9829
9827
9828
9826
9827
9825
9826
9824
9825
9823
9824
9822
9823
9821
9822
9820
9821
9819
9820
9818
9819
9817
9818
9816
9817
9815
9816
7345
10595
9814
9815
6766
10595
9813
9814
9812
9813
9811
9812
9810
9811
9809
9810
9808
9809
9807
9808
9806
9807
9805
9806
9804
9805
9803
9804
9802
9803
9801
9802
9800
9801
9799
9800
9798
9799
9842
9798
9792
9794
9791
9792
9790
9791
9789
9790
9881
9789
9783
10278
6904
10596
9782
9783
9781
9782
9780
9781
9779
9780
9778
9779
9777
9778
9776
9777
9775
9776
9774
9775
9773
9774
9772
9773
9771
9772
9770
9771
9769
9770
9768
9769
9767
9768
9766
9767
9765
9766
9764
9765
9763
9764
9762
9763
10596
10597
9761
9762
7454
10597
9760
9761
9759
9760
9758
9759
9757
9758
9756
9757
9755
9756
9754
9755
9753
9754
9752
9753
9751
9752
9750
9751
9749
9750
9923
9749
9745
9747
9879
9745
9736
9738
9735
9736
9794
9735
9730
9732
9729
9730
10597
7456
9877
9729
7423
7456
9726
9727
9725
9726
9724
9725
9842
9724
9720
9722
9719
9720
9718
9719
9717
9718
9713
9714
9712
9713
7456
3610
3610
3618
9711
9712
9710
9711
3618
10938
9709
9710
3618
3619
3619
3620
3620
3621
3621
3622
3622
3623
3623
3624
3624
3625
3625
3626
3626
3627
3627
3628
3628
3629
3629
3630
3630
3631
3631
3632
3632
3633
3633
3634
3634
3635
3635
3636
3636
3637
3637
3638
3638
11041
9708
9709
9794
9708
9714
9706
9635
10938
9732
9704
9722
9700
9697
9698
9696
9697
9695
9696
9698
9695
9692
9693
9654
11700
9644
11519
9640
9641
11655
9639
9623
9624
6690
10599
9619
9620
9611
9612
9597
9599
9599
9693
9586
9587
9410
9613
9377
9378
9373
9377
9369
9370
9336
9370
9334
9336
9331
9398
9323
9324
9331
9323
9315
9316
9308
11655
11550
9641
9304
11550
9303
9304
9302
9303
7460
10598
9301
9302
9300
9301
9299
9300
9298
9299
9297
9298
9296
9297
9295
9296
9294
9295
9293
9294
9308
9293
10598
7456
11519
9641
9289
9234
9377
9370
9219
9234
9215
9216
9620
9612
9189
9198
9198
9166
9158
9159
9103
9378
9057
9059
9049
9050
9045
9046
9577
9035
9025
9026
9017
9019
9014
9035
8907
8909
11049
8903
8900
8903
8893
11049
8867
8869
8835
8869
8832
8835
8810
8835
8807
8810
8741
8742
11049
8680
8633
8635
9612
9159
8595
9166
9620
9410
8538
11125
11125
8537
8522
8523
9222
8523
8491
9316
9216
9290
8444
8446
8435
8537
8417
8418
8408
8680
8386
11142
9019
8909
8368
8369
8369
8344
8334
8344
8328
8329
9324
9378
8304
8325
9398
9323
8231
8234
8225
11385
8203
8225
8199
8203
9640
8203
8142
9641
8141
8142
8203
9641
8141
8203
7529
7525
8134
8141
7524
7525
8133
8134
8132
8133
8131
8132
8130
8131
8129
8130
8128
8129
8127
8128
8126
8127
11728
8126
8119
11728
8118
8119
7525
7521
8117
8118
7520
7521
8116
8117
8115
8116
8114
8115
11749
8114
8111
11749
8110
8111
8109
8110
8108
8109
8107
8108
8106
8107
8105
8106
7521
6919
8104
8105
6809
6919
8103
8104
8102
8103
8101
8102
8098
11650
8101
8098
8092
8101
8091
8092
8090
8091
8089
8090
8088
8089
8087
8088
8086
8087
8085
8086
8234
8085
7978
7980
6919
7517
7950
11655
7516
7517
7949
7950
7948
7949
7947
7948
7946
7947
11664
7946
11090
7980
7933
11090
7932
7933
11519
7932
7884
7885
7885
8418
9599
9587
9599
9586
7738
8903
7737
7738
7517
7513
7736
7737
7512
7513
10960
7736
7722
11079
11776
9308
11402
7700
7697
11402
7696
7697
7695
7696
7694
7695
7693
7694
7692
7693
7701
7692
7689
7700
7701
7689
7678
7680
7672
7680
9613
9398
8418
8369
7513
7509
7560
7562
7508
7509
9198
9234
7538
8304
7504
7505
7500
7501
7496
7497
7492
7497
7478
7492
7470
7471
7466
7467
7448
7449
7437
9639
7432
7437
7430
7437
11794
7437
7419
11764
7417
11764
7415
11764
7415
7417
7509
7505
9316
8505
9158
8523
7358
9158
7334
7456
7333
7334
7332
7333
7331
7332
7330
7331
7329
7330
7328
7329
7327
7328
7326
7327
7325
7326
7324
7325
7323
7324
7322
7323
7321
7322
7320
7321
7319
7320
7318
7319
7505
7501
7317
7318
7316
7317
7315
7316
7314
7315
7313
7314
7312
7313
7311
7312
7310
7311
7309
7310
7308
7309
7307
7308
7306
7307
7305
7306
7304
7305
7303
7304
7302
7303
7301
7302
7300
7301
7299
7300
7298
7299
7295
10960
7294
7295
7501
9624
7293
7294
7292
7293
9599
7292
9692
9599
7287
7298
7286
7287
7285
7286
7284
7285
7283
7284
7282
7283
7281
7282
7280
7281
7279
7280
7278
7279
7277
7278
7276
7277
9692
7276
8869
9692
8635
8810
9059
8635
9624
7497
9050
9059
9026
9050
9046
9026
8742
9045
7159
7287
7143
7298
7020
10907
7019
7020
7018
7019
7017
7018
7016
7017
7015
7016
7014
7015
7013
7014
7012
7013
7011
7012
7010
7011
7497
7490
7009
7010
7008
7009
7007
7008
7006
7007
7005
7006
7004
7005
7003
7004
7002
7003
11142
7002
7980
11519
11079
8680
6840
11702
6828
11703
11385
8234
6758
11123
9166
11123
7562
7448
7562
11079
9216
8446
6483
6484
6478
6484
6477
6478
11195
6477
6474
11195
6460
11265
11324
11265
6455
11324
6445
11326
6411
11194
7492
4270
6397
11191
6397
6484
6394
6397
11191
6394
6385
10938
6383
6385
6377
6385
4270
7478
6373
6377
6365
6377
6361
6365
6351
6361
6349
6351
11018
6351
6343
11018
6333
11018
6328
6333
6326
6328
6310
6328
6305
6310
6304
6305
6302
6304
6276
6302
6274
6276
6268
6269
6269
6276
6258
6269
6256
6258
6227
6258
6209
6210
6204
6210
6202
6204
6194
6204
6192
6194
6176
6177
6160
6177
6158
6160
6136
6158
6132
6136
6126
6127
6118
6126
6116
6118
6100
6101
6096
6097
7478
5571
6092
6093
5570
5571
5571
7476
6082
6093
6080
6082
6060
6080
6058
6060
6042
6043
6038
6043
6036
6038
6026
6027
11700
6027
5986
11703
5984
5986
5979
5986
5978
5979
5977
5978
5976
5977
5975
5976
5974
5975
5571
7471
5973
5974
5972
5973
11488
5972
5966
11315
5965
5966
5964
5965
11320
5964
5957
11488
5956
5957
5955
5956
7471
7468
5954
5955
5953
5954
5952
5953
5951
5952
5950
5951
5949
5950
5948
5949
11337
5948
5944
11324
5943
5944
5942
5943
5941
5942
5940
5941
5939
5940
5938
5939
11297
5938
11182
5936
11154
9159
5931
11154
5930
5931
5929
5930
5928
5929
5927
5928
5926
5927
5925
5926
5924
5925
5923
5924
5922
5923
5921
5922
5920
5921
7469
7467
5917
11182
5916
5917
5915
5916
11186
5915
5920
11170
5909
8680
5908
5909
5907
5908
5906
5907
5905
5906
11084
5905
11084
5920
5898
10960
11053
5898
5894
11084
5893
5894
5892
5893
5891
5892
5890
5891
11053
5890
8435
7885
5800
6097
5798
5800
6043
6060
8329
9583
4484
7466
8900
7672
7466
4491
7466
6038
5750
6027
4491
10976
10976
4493
4493
4494
4494
4495
4495
4496
4496
4497
4497
4498
4498
4499
4499
4506
5749
5750
4504
4506
5748
5749
4506
4507
4507
4508
4508
4509
4509
4510
4510
4511
4511
4514
5747
5748
11579
4515
11685
11756
5745
5747
11732
5747
5737
11732
5732
11732
5730
5732
11756
5732
5723
11756
11756
11764
5705
11754
5695
11754
5693
5695
5688
7417
5687
5688
5686
5687
5695
5686
5676
5747
5695
5676
8444
7449
5630
8444
5628
11193
8344
8325
6101
6118
6101
5524
5513
11142
6093
6097
5461
5524
6127
6136
10427
5416
5387
5388
8909
10637
9022
9019
5291
9022
5289
5291
8957
5291
5277
8957
9035
8957
7430
7417
5800
5461
5139
5416
5388
5416
5116
5388
5114
5116
5108
5116
5104
5108
10416
5108
5086
10416
5064
10415
9586
9583
9336
9289
